Waypoints = [90 90 10;
                        180 0 20;
                        90 -90 30;
                         0 0 40;
                         90 90 50;
                        ];
WPNum = 5;

P0 = [0,0,0];
A0 = [0,68.5,0];